13;MP 3Pos Cooled 1 PCR;243/38;150/350/520;1430/2250;2;0;
4483 998;0;1270/855;72/233/0;;
4484 998;0;1270/855;70/1192/-2;;
4485 998;0;0;
4486 998;;
4487 998;1;2;1;1;1;1;400;
4488 998;Tecan part no. 10613046;
4489 998;http://www.tecan.com/platform/apps/product/index.asp?MenuID=1184&ID=559&Menu=1&Item=21.1.7.5;
4490 998;Default;
4491

-- Cone
4305 15;D-BSSE 96 Well PCR Plate;0;12/8/8;146/101/1134/731/101;2075/1928/1938/1728;28.3;1;1;0/10/10;100;256;-1;0;0;0;4.8;0;146;98;5;23;
4328 998;65;01001000000000000000000000000000000000000;16711680;1;
4329 998;0/0/0/0/0;0/0/0/0;50;
4330 998;LabwareDefaultType;
4331 998;;
4332 998;;
4333 998;;
4334 998;Default;
4335 998;85,125;
4336 998;1,1;
4337 998;0,8,85,125;
4338 998;0,10,8,85,125;

-- Flat
5030 15;24 Well Nunc Culture Plate;0;6/4/4;141/129/1102/709/129;2067/1890/1920/1790;33.2;1;1;0/10/10;100;256;-1;0;0;0;0;0;144;112;5;70;
5100 998;253;0100?000000000000000000000000000000000000;13937247;1;
5101 998;0/0/0/0/0;0/0/0/0;50;
5102 998;LabwareDefaultType;
5103 998;;
5104 998;;
5105 998;;
5106 998;Default;
5107 998;85,130;
5108 998;1,1;
5109 998;0,8,85,125;
5110 998;0,10,8,85,125;

-- Flat
2186 15;Trough 1000ml;0;1/8/8;210/1581/210/1581/1581;1870/1127/1127/962;12726;8;1;0/10/10;100;256;-1;0;0;0;0;0;209;1529;5;1;
2187 998;52;01001000000000000000000000000000000000000;15793151;1;
2188 998;0/0/0/0/0;0/0/0/0;50;
2189 998;LabwareDefaultType;
2190 998;;
2191 998;;
2192 998;;
2193 998;Default;
2194 998;85,125; -- Grip dimensions, narrow and wide
2195 998;1,1;
2196 998;0,8,85,125; -- I think this is for "Labware can have lid"
2197 998;0,10,8,85,125;

-- Round
4789 15;D-BSSE 96 Well DWP;0;12/8/8;148/100/1135/732/100;2050/1671/1681/1571;33.2;1;1;0/10/10;100;256;-1;0;0;0;-3.3;0;144;112;5;41;

